# SEQ 0 len=1
1
# SEQ 1 len=1
0
# SEQ 2 len=16
0
0
0
0
0
0
0
0
0
0
0
0
0
0
0
0
# SEQ 3 len=16
1
1
1
1
1
1
1
1
1
1
1
1
1
1
1
1
# SEQ 4 len=16
1
0
1
0
1
0
1
0
1
0
1
0
1
0
1
0
# SEQ 5 len=8
1
1
0
1
0
0
1
1
# SEQ 6 len=37
0
1
0
1
0
1
0
1
0
1
0
1
0
0
0
1
0
1
0
0
0
0
0
0
1
1
0
1
1
0
1
0
1
0
0
0
0
# SEQ 7 len=44
0
1
1
0
1
0
1
1
0
1
1
0
1
1
1
0
0
0
1
1
1
1
1
1
0
0
1
0
1
0
0
1
0
0
1
0
0
1
0
1
1
1
0
0
# SEQ 8 len=64
0
1
1
0
0
0
1
0
0
1
1
0
0
0
1
1
1
0
0
0
0
1
0
0
1
0
1
0
1
1
0
0
0
1
0
0
0
0
0
0
1
0
0
0
0
0
0
1
1
0
0
1
0
0
0
1
1
0
0
1
1
1
0
1
# SEQ 9 len=28
1
1
0
0
1
1
1
0
1
0
1
1
0
1
0
1
1
0
0
0
1
0
0
1
1
1
0
1
# SEQ 10 len=35
1
1
1
0
0
0
0
0
0
0
0
1
0
1
1
1
1
0
0
1
0
1
0
1
0
0
1
0
1
1
0
1
1
0
1
# SEQ 11 len=32
0
0
0
0
0
0
1
1
1
1
0
0
1
1
1
1
1
1
0
1
0
1
1
0
1
0
1
1
1
0
0
1
# SEQ 12 len=51
1
0
0
1
0
1
1
1
0
1
0
0
1
0
1
0
1
0
0
1
1
0
0
1
0
1
1
0
1
0
0
0
0
1
1
0
0
0
0
1
0
0
1
0
0
0
0
0
1
1
1
# SEQ 13 len=61
1
1
1
1
0
0
1
0
0
0
0
0
0
1
0
1
1
1
1
0
1
1
1
0
0
1
0
1
1
0
0
0
1
1
1
1
0
1
0
1
0
1
1
1
0
1
1
1
0
1
0
0
0
0
1
0
0
0
0
0
0
# SEQ 14 len=44
1
1
0
0
1
1
0
1
0
0
1
1
1
1
1
1
1
1
0
1
1
0
0
1
0
1
0
1
0
0
0
1
1
0
1
0
0
0
1
1
1
1
0
0
# SEQ 15 len=44
0
1
0
1
0
0
0
0
1
0
0
1
0
0
1
1
1
0
0
0
1
0
1
0
0
0
1
0
1
1
0
0
1
0
1
0
1
0
1
0
0
0
1
1
# SEQ 16 len=46
0
1
0
0
0
0
0
1
1
1
0
0
1
1
1
0
0
1
0
1
0
0
1
1
0
0
0
0
0
0
1
0
0
1
1
1
0
0
1
1
0
0
0
0
1
0
# SEQ 17 len=49
0
0
0
1
0
1
1
1
1
1
0
1
0
1
0
1
0
1
1
0
0
0
0
0
0
1
1
0
0
0
1
1
1
1
0
1
1
0
0
1
1
0
1
0
0
0
1
0
0
# SEQ 18 len=9
1
1
0
1
0
0
0
1
0
# SEQ 19 len=48
1
0
0
0
1
1
1
1
1
0
1
0
0
0
1
1
1
0
0
0
1
0
1
1
1
0
0
0
1
1
0
0
1
1
1
1
0
1
0
1
1
0
1
0
0
1
0
1
# SEQ 20 len=51
0
0
1
1
1
0
1
0
1
0
0
0
1
0
1
1
0
0
0
0
1
1
0
1
1
0
0
0
0
1
1
1
0
1
1
1
0
1
1
0
0
0
1
0
1
0
0
0
1
0
0
# SEQ 21 len=64
0
1
1
0
1
1
1
1
1
1
1
0
1
0
1
1
0
1
0
1
1
0
1
0
0
0
0
0
1
1
0
1
1
0
1
0
0
1
0
0
1
0
1
0
1
0
0
0
0
1
1
0
1
1
1
0
1
1
0
1
1
1
0
1
# SEQ 22 len=51
0
1
1
0
1
0
1
0
0
1
1
0
1
1
0
0
1
0
1
1
1
1
1
1
0
0
1
1
0
1
1
0
0
1
0
0
0
1
1
1
1
0
1
0
0
0
1
0
0
0
1
# SEQ 23 len=7
0
0
1
1
1
1
0
# SEQ 24 len=42
0
1
1
1
1
1
1
0
1
0
0
0
0
0
1
0
1
0
1
1
1
1
0
1
0
0
0
1
1
0
0
1
1
1
0
1
1
0
1
1
0
1
# SEQ 25 len=54
0
1
1
1
0
0
0
0
0
1
1
0
0
1
1
0
1
1
1
1
0
1
0
1
1
0
0
0
1
0
1
0
1
1
1
1
1
1
1
0
1
1
0
0
1
0
0
0
1
1
1
0
0
1
# SEQ 26 len=11
0
1
1
1
0
0
1
0
1
0
0
# SEQ 27 len=28
1
1
1
1
1
1
1
0
1
0
1
1
0
0
1
1
0
0
0
0
1
1
1
0
1
0
0
0
# SEQ 28 len=36
1
0
1
0
1
1
0
0
0
0
1
1
1
1
1
1
0
0
1
1
0
0
0
0
0
1
0
0
1
0
1
1
1
0
0
1
# SEQ 29 len=13
0
0
0
1
0
0
1
0
1
0
1
1
1
# SEQ 30 len=34
0
1
0
1
0
1
0
0
1
1
0
1
0
1
1
1
0
1
1
1
1
0
0
1
1
1
0
1
0
1
1
0
1
0
# SEQ 31 len=19
0
0
0
0
0
0
1
1
0
1
0
0
1
1
0
0
0
1
1
# SEQ 32 len=56
1
0
0
1
0
0
1
0
1
1
1
1
0
1
0
0
0
0
1
1
1
1
1
0
0
0
0
1
0
1
1
0
0
0
0
1
0
0
0
1
0
1
0
0
1
1
1
1
1
1
0
0
0
1
1
0
# SEQ 33 len=20
1
0
1
1
0
0
1
0
1
0
0
0
1
0
1
0
1
1
0
0
# SEQ 34 len=25
1
0
1
1
0
1
0
0
0
1
1
1
1
0
0
0
1
0
0
0
1
1
1
1
0
# SEQ 35 len=11
1
1
1
1
0
1
0
1
1
1
1
# SEQ 36 len=51
1
1
1
1
0
0
0
0
1
0
1
0
0
0
0
1
1
1
0
1
0
0
1
1
0
1
1
1
0
1
1
1
0
0
0
0
1
0
1
1
0
0
0
1
1
1
0
0
0
0
0
# SEQ 37 len=1
0
# SEQ 38 len=4
1
1
1
1
# SEQ 39 len=22
0
1
0
1
0
0
0
0
1
1
0
0
0
0
1
1
1
0
1
1
0
1
# SEQ 40 len=60
1
1
0
0
1
0
1
1
0
1
0
1
1
1
0
1
0
0
1
0
1
0
1
1
0
1
0
1
1
1
0
1
0
1
1
0
0
1
0
1
1
1
0
1
0
0
1
0
0
0
1
1
0
1
0
0
0
0
1
0
# SEQ 41 len=48
0
0
0
0
0
0
0
1
1
0
0
0
1
0
1
1
0
0
0
1
1
0
1
1
1
1
1
1
1
1
0
0
0
1
1
1
0
1
0
0
1
0
1
1
1
1
0
0
# SEQ 42 len=43
1
1
1
1
1
1
0
1
1
0
1
0
1
0
0
1
1
0
0
1
0
1
0
1
1
0
0
0
1
1
1
1
0
0
1
0
0
1
1
0
1
0
1
# SEQ 43 len=6
1
1
1
1
1
0
# SEQ 44 len=25
1
1
0
1
1
1
0
0
1
0
0
0
1
1
0
0
1
1
1
1
0
0
0
0
1
# SEQ 45 len=44
1
1
1
0
0
0
0
1
1
0
1
0
0
0
0
1
0
0
0
1
0
0
1
0
1
1
1
1
0
0
1
1
1
1
0
0
1
1
0
0
1
0
0
1
